12,34
12,33
12,32
12,31
12,30
12,29
12,28
12,27
12,26
12,25
12,24
12,23
12,22
12,21
12,20
12,19
12,18
12,17
12,16
12,15
12,14
12,13
12,12
12,11
12,10
12,9
12,8
12,7
12,6
12,5
12,1
12,4
12,3
12,0
3,3
3,1
3,0
1,3
2,1
1,1
2,3
1,0
2,0
0,9
0,310
0,305
0,308
0,307
0,302
0,304
0,303
0,12
0,10
0,8
0,0
0,465
0,438
0,300
0,437
0,299
0,436
0,298
0,435
0,297
0,464
0,434
0,296
0,433
0,295
0,432
0,294
0,463
0,431
0,293
0,430
0,292
0,462
0,429
0,291
0,458
0,428
0,290
0,461
0,427
0,289
0,457
0,426
0,288
0,460
0,425
0,287
0,424
0,286
0,456
0,423
0,285
0,459
0,422
0,284
0,455
0,421
0,283
0,454
0,420
0,282
0,453
0,419
0,281
0,418
0,280
0,450
0,417
0,279
0,449
0,416
0,278
0,415
0,277
0,414
0,276
0,413
0,275
0,412
0,274
0,411
0,273
0,410
0,272
0,409
0,271
0,407
0,270
0,406
0,269
0,405
0,268
0,481
0,404
0,267
0,403
0,266
0,480
0,402
0,265
0,401
0,264
0,400
0,263
0,399
0,262
0,398
0,261
0,397
0,260
0,396
0,259
0,478
0,395
0,258
0,477
0,394
0,257
0,479
0,393
0,256
0,476
0,392
0,255
0,475
0,391
0,254
0,390
0,253
0,389
0,252
0,388
0,251
0,387
0,250
0,452
0,386
0,249
0,451
0,385
0,248
0,384
0,247
0,383
0,246
0,382
0,245
0,381
0,244
0,380
0,242
0,379
0,241
0,378
0,240
0,377
0,239
0,376
0,238
0,375
0,237
0,374
0,236
0,373
0,235
0,372
0,234
0,371
0,233
0,370
0,232
0,369
0,231
0,368
0,230
0,367
0,229
0,366
0,228
0,365
0,227
0,364
0,226
0,363
0,225
0,362
0,224
0,361
0,223
0,360
0,222
0,359
0,221
0,486
0,358
0,220
0,474
0,357
0,219
0,356
0,218
0,473
0,355
0,217
0,354
0,216
0,353
0,215
0,472
0,352
0,214
0,351
0,213
0,471
0,350
0,212
0,470
0,349
0,211
0,469
0,348
0,210
0,347
0,209
0,468
0,346
0,208
0,467
0,345
0,207
0,344
0,206
0,343
0,205
0,342
0,204
0,341
0,203
0,340
0,202
0,448
0,339
0,201
0,338
0,200
0,447
0,337
0,199
0,336
0,198
0,335
0,197
0,446
0,196
0,334
0,195
0,333
0,194
0,332
0,193
0,445
0,330
0,192
0,444
0,329
0,63
0,443
0,331
0,62
0,442
0,61
0,328
0,60
0,327
0,59
0,326
0,58
0,441
0,324
0,57
0,440
0,323
0,56
0,439
0,325
0,55
0,321
0,54
0,320
0,53
0,319
0,52
0,317
0,315
0,51
0,316
0,314
0,50
0,318
0,313
0,49
0,484
0,312
0,48
0,483
0,311
0,47
0,485
0,309
0,46
0,466
0,306
0,45
0,482
0,301
0,6
0,5
0,1
0,11
0,4
0,2
0,3
0,7
